date,station_pressure,sea_level_pressure,temp,max_temp,min_temp,dew point temp,relative humidity,visibility,cloud
2022-01-01,1021.5,1025.1,16.9,20.1,14.9,14.3,85.0,25.0,8.8
2022-01-02,1020.4,1024.0,16.9,18.9,14.7,13.8,82.0,26.3,9.3
2022-01-03,1018.7,1022.3,18.6,21.0,16.5,14.4,77.0,18.8,7.3
2022-01-04,1017.5,1021.1,18.0,19.3,17.1,16.2,89.0,19.5,9.0
2022-01-05,1014.5,1018.1,19.3,21.1,18.2,17.2,88.0,18.5,7.3
2022-01-06,1018.8,1022.5,16.8,18.4,14.6,14.4,86.0,12.5,10.0
2022-01-07,1020.3,1024.0,16.1,18.0,14.5,12.6,81.0,16.8,9.5
2022-01-08,1017.9,1021.5,16.5,18.2,15.3,12.1,75.0,20.3,8.8
2022-01-09,1014.9,1018.5,17.6,19.7,16.6,13.7,78.0,28.3,8.8
2022-01-10,1013.7,1017.3,17.4,19.7,16.2,14.7,85.0,26.3,8.8
2022-01-11,1018.3,1022.0,13.8,16.4,12.7,9.4,76.0,8.5,10.0
2022-01-12,1018.4,1022.1,13.3,14.5,12.0,9.6,79.0,18.8,10.0
2022-01-13,1019.4,1023.1,14.0,15.4,13.2,9.2,74.0,13.8,10.0
2022-01-14,1018.6,1022.2,15.3,18.0,12.8,7.8,61.0,25.0,4.5
2022-01-15,1018.0,1021.6,16.9,20.9,14.9,13.0,78.0,18.3,6.5
2022-01-16,1017.8,1021.5,18.3,23.7,14.8,15.0,81.0,28.8,4.3
2022-01-17,1018.4,1022.1,17.0,18.2,15.8,15.6,91.0,19.5,9.8
2022-01-18,1017.8,1021.5,16.0,16.8,15.5,14.4,90.0,15.8,9.8
2022-01-19,1016.3,1019.9,16.6,18.3,15.8,14.5,87.0,25.0,9.5
2022-01-20,1016.8,1020.4,16.9,18.6,15.9,13.7,82.0,16.8,7.8
2022-01-21,1016.1,1019.7,17.0,18.7,15.6,15.4,91.0,11.8,10.0
2022-01-22,1011.6,1015.2,18.7,20.7,17.4,17.4,92.0,19.8,9.8
2022-01-23,1008.6,1012.1,19.2,23.8,17.6,17.8,92.0,16.5,9.5
2022-01-24,1012.2,1015.8,17.6,18.7,16.9,16.1,91.0,16.3,10.0
2022-01-25,1014.0,1017.6,18.8,21.6,16.9,15.8,83.0,25.0,7.8
2022-01-26,1013.6,1017.1,21.2,25.8,18.4,17.9,82.0,28.8,4.3
2022-01-27,1014.1,1017.7,21.2,25.7,19.1,17.4,80.0,13.8,6.3
2022-01-28,1014.2,1017.8,18.9,20.1,17.5,16.3,85.0,13.5,9.0
2022-01-29,1011.2,1014.8,16.9,18.3,16.2,14.7,87.0,29.5,9.5
2022-01-30,1015.3,1018.9,14.2,16.3,12.4,11.6,85.0,13.0,10.0
2022-01-31,1018.1,1021.8,15.8,18.3,13.4,9.3,65.0,32.5,9.0
2022-02-01,1016.3,1019.9,16.7,19.1,15.6,14.4,87.0,16.0,9.8
2022-02-02,1016.4,1020.1,17.3,20.6,15.8,15.7,90.0,14.0,10.0
2022-02-03,1014.7,1018.3,16.2,17.4,15.4,15.3,95.0,8.0,10.0
2022-02-04,1018.2,1021.8,14.8,15.6,13.3,13.2,90.0,10.3,10.0
2022-02-05,1021.6,1025.3,13.8,14.7,13.1,11.0,83.0,23.8,10.0
2022-02-06,1021.0,1024.7,14.5,16.0,13.4,11.7,84.0,25.0,9.3
2022-02-07,1014.2,1017.8,17.7,22.4,14.3,14.4,82.0,28.3,9.0
2022-02-08,1017.5,1021.2,15.9,18.0,14.4,12.6,81.0,16.3,9.5
2022-02-09,1015.8,1019.4,16.7,18.0,15.8,15.0,90.0,9.8,9.3
2022-02-10,1015.5,1019.1,17.4,19.9,16.3,15.8,90.0,9.8,9.3
2022-02-11,1013.3,1016.9,20.7,25.4,17.0,17.1,81.0,29.8,5.3
2022-02-12,1013.0,1016.6,18.7,19.6,17.8,16.8,89.0,13.3,9.5
2022-02-13,1011.2,1014.8,18.6,21.0,15.5,16.2,86.0,26.3,8.8
2022-02-14,1015.2,1018.9,15.3,16.6,14.0,12.9,86.0,12.3,9.5
2022-02-15,1014.8,1018.4,16.8,19.5,15.8,12.1,74.0,17.5,9.3
2022-02-16,1014.1,1017.7,16.9,19.5,15.8,14.1,84.0,11.0,9.5
2022-02-17,1013.1,1016.7,17.2,19.1,16.2,15.1,88.0,8.5,9.8
2022-02-18,1013.1,1016.7,16.8,18.1,15.6,15.7,93.0,8.0,10.0
2022-02-19,1015.0,1018.6,15.9,17.8,12.7,14.6,92.0,12.3,10.0
2022-02-20,1021.7,1025.4,11.0,12.9,10.3,9.3,90.0,8.3,10.0
2022-02-21,1020.4,1024.1,13.2,15.3,10.6,12.2,93.0,8.5,10.0
2022-02-22,1019.5,1023.2,15.1,16.0,14.3,14.1,94.0,8.5,10.0
2022-02-23,1021.6,1025.3,13.3,14.7,12.5,12.1,92.0,9.0,10.0
2022-02-24,1023.5,1027.2,13.2,14.7,12.3,10.9,86.0,14.0,10.0
2022-02-25,1020.2,1023.9,16.7,20.0,13.5,13.5,82.0,31.3,8.8
2022-02-26,1017.6,1021.3,18.5,23.6,14.1,15.2,82.0,25.3,7.3
2022-02-27,1017.2,1020.8,18.9,21.5,16.0,13.0,70.0,27.5,6.8
2022-02-28,1014.8,1018.3,21.4,27.8,17.1,14.1,65.0,24.8,3.3
2022-03-01,1013.5,1017.0,22.7,28.6,18.2,16.7,70.0,27.5,5.5
2022-03-02,1015.1,1018.7,20.1,21.7,17.9,16.6,81.0,7.8,9.8
2022-03-03,1013.0,1016.6,21.5,25.8,17.9,17.0,76.0,19.0,6.3
2022-03-04,1010.4,1013.9,22.1,27.1,18.2,17.2,74.0,16.5,1.8
2022-03-05,1011.3,1014.9,21.0,22.7,19.5,16.3,75.0,16.3,8.3
2022-03-06,1013.2,1016.8,19.0,20.8,17.3,14.4,75.0,15.0,9.8
2022-03-07,1013.7,1017.3,15.2,17.9,12.7,13.6,90.0,4.5,10.0
2022-03-08,1015.0,1018.6,16.5,20.9,11.9,8.6,62.0,55.0,2.5
2022-03-09,1013.7,1017.3,20.3,26.4,13.4,11.3,58.0,62.5,2.3
2022-03-10,1012.4,1015.9,21.6,25.9,18.3,13.6,61.0,35.0,7.3
2022-03-11,1011.0,1014.6,21.4,27.4,16.6,13.5,62.0,21.3,1.8
2022-03-12,1009.7,1013.2,24.2,29.0,19.5,16.5,63.0,32.5,1.8
2022-03-13,1009.6,1013.1,24.0,29.8,20.2,16.5,64.0,22.5,4.3
2022-03-14,1008.8,1012.3,23.9,28.5,20.1,16.1,63.0,34.8,6.3
2022-03-15,1007.9,1011.4,23.9,29.4,19.6,17.9,69.0,36.3,4.0
2022-03-16,1007.6,1011.1,25.3,30.0,22.4,18.9,68.0,30.0,8.0
2022-03-17,1005.7,1009.2,24.7,29.6,22.2,19.5,74.0,11.8,9.3
2022-03-18,1005.9,1009.5,20.8,24.1,18.0,16.8,79.0,21.3,9.3
2022-03-19,1007.8,1011.3,21.6,28.2,17.3,16.8,75.0,26.3,4.0
2022-03-20,1010.1,1013.7,24.0,28.4,21.2,19.0,75.0,40.0,5.3
2022-03-21,1010.4,1013.9,22.4,26.4,20.5,19.8,85.0,9.5,6.5
2022-03-22,1011.9,1015.5,18.5,22.0,16.5,16.4,87.0,15.5,10.0
2022-03-23,1013.0,1016.7,15.6,17.8,14.1,14.0,90.0,11.3,10.0
2022-03-24,1012.4,1016.0,19.1,21.9,14.4,16.2,84.0,39.0,9.5
2022-03-25,1007.7,1011.2,23.4,29.2,19.0,19.8,81.0,29.5,7.5
2022-03-26,1007.5,1011.0,22.9,27.6,18.1,20.8,88.0,15.3,9.5
2022-03-27,1012.8,1016.4,16.5,18.4,14.9,14.7,89.0,17.0,9.8
2022-03-28,1016.4,1020.0,16.4,17.7,15.0,15.2,93.0,7.5,10.0
2022-03-29,1014.3,1017.9,21.6,24.6,17.7,18.4,83.0,33.8,9.0
2022-03-30,1013.2,1016.7,23.5,28.6,20.8,20.2,82.0,21.0,7.3
2022-03-31,1015.1,1018.7,21.2,24.5,17.5,18.6,85.0,17.0,9.5
2022-04-01,1020.9,1024.6,16.4,17.6,15.3,11.8,75.0,19.3,10.0
2022-04-02,1020.6,1024.3,14.6,16.0,13.6,12.9,90.0,7.0,10.0
2022-04-03,1020.8,1024.5,15.4,17.2,13.2,11.5,79.0,16.3,9.8
2022-04-04,1019.9,1023.5,19.2,22.0,16.6,12.8,66.0,19.8,7.8
2022-04-05,1016.0,1019.5,22.1,26.8,18.5,15.4,67.0,33.8,6.8
2022-04-06,1013.9,1017.5,21.8,27.7,18.0,16.1,71.0,27.5,5.3
2022-04-07,1013.9,1017.5,21.4,23.3,20.4,16.5,74.0,22.8,9.0
2022-04-08,1012.5,1016.1,22.2,25.2,20.3,15.8,67.0,50.0,6.3
2022-04-09,1009.9,1013.4,24.2,29.1,20.1,16.4,62.0,20.0,2.3
2022-04-10,1008.6,1012.2,25.8,30.8,21.1,18.1,63.0,23.8,4.5
2022-04-11,1007.2,1010.7,26.4,31.1,23.1,19.7,67.0,20.5,8.3
2022-04-12,1005.3,1008.7,26.8,31.9,23.0,19.4,65.0,26.3,4.5
2022-04-13,1003.2,1006.7,26.5,31.8,23.5,19.6,67.0,18.3,7.0
2022-04-14,1006.1,1009.6,22.1,24.3,20.1,18.9,82.0,20.8,10.0
2022-04-15,1011.4,1015.0,19.4,21.1,18.3,16.1,81.0,27.5,10.0
2022-04-16,1012.8,1016.4,19.1,21.7,17.4,12.3,65.0,16.0,10.0
2022-04-17,1013.8,1017.4,18.5,19.8,16.1,13.4,72.0,18.3,10.0
2022-04-18,1013.8,1017.4,19.8,21.7,18.5,15.6,77.0,14.3,9.5
2022-04-19,1015.3,1018.9,17.3,18.9,16.2,13.5,79.0,7.8,10.0
2022-04-20,1012.0,1015.6,19.4,22.5,16.3,15.3,78.0,23.0,9.0
2022-04-21,1010.3,1013.9,22.2,26.5,19.3,19.4,85.0,10.2,8.0
2022-04-22,1009.3,1012.8,25.7,31.7,20.4,20.3,73.0,18.3,7.3
2022-04-23,1007.2,1010.7,26.5,30.7,23.9,22.0,77.0,20.3,8.3
2022-04-24,1006.4,1009.9,26.7,31.5,23.8,22.8,80.0,21.3,6.5
2022-04-25,1005.8,1009.3,26.6,31.2,24.1,22.9,81.0,10.3,7.8
2022-04-26,1004.5,1007.9,28.6,34.1,24.0,23.4,75.0,21.5,6.8
2022-04-27,1007.1,1010.6,27.2,30.6,25.1,23.4,80.0,16.5,9.3
2022-04-28,1008.1,1011.6,27.0,30.6,24.9,23.0,79.0,14.5,8.0
2022-04-29,1009.1,1012.6,25.1,31.9,20.5,21.5,81.0,14.3,9.0
2022-04-30,1011.2,1014.8,21.1,22.4,20.2,18.2,84.0,22.5,9.8
2022-05-01,1012.3,1015.9,18.9,20.5,16.3,16.3,85.0,20.3,10.0
2022-05-02,1013.4,1017.0,16.0,17.0,15.1,14.2,89.0,8.8,10.0
2022-05-03,1013.4,1017.0,19.8,22.0,16.0,16.6,82.0,20.8,9.8
2022-05-04,1010.8,1014.3,22.5,25.1,19.8,19.5,83.0,29.3,9.5
2022-05-05,1008.1,1011.6,24.4,27.2,22.7,21.1,82.0,35.5,8.5
2022-05-06,1008.8,1012.3,24.5,27.9,22.8,21.0,81.0,25.0,7.8
2022-05-07,1010.2,1013.7,25.1,28.7,22.4,20.0,74.0,32.5,6.5
2022-05-08,1010.2,1013.7,25.1,28.8,23.0,21.5,81.0,30.0,9.5
2022-05-09,1009.6,1013.1,24.8,27.4,23.8,21.4,82.0,27.5,9.8
2022-05-10,1007.0,1010.5,25.7,30.9,23.6,22.3,82.0,30.0,8.5
2022-05-11,1006.4,1009.9,24.8,28.1,23.3,22.6,88.0,15.3,9.0
2022-05-12,1004.9,1008.3,25.2,31.4,23.4,22.8,87.0,20.0,9.3
2022-05-13,1002.8,1006.3,25.3,29.2,23.2,22.8,86.0,37.5,9.5
2022-05-14,1007.7,1011.2,21.9,23.3,21.1,20.5,92.0,8.3,10.0
2022-05-15,1009.9,1013.5,19.6,21.2,17.6,17.7,89.0,19.8,10.0
2022-05-16,1010.3,1013.9,17.7,18.8,16.9,16.5,93.0,9.6,10.0
2022-05-17,1011.1,1014.6,20.3,23.3,17.1,15.5,75.0,27.5,9.8
2022-05-18,1011.2,1014.8,23.8,27.5,20.8,19.7,78.0,36.3,8.5
2022-05-19,1008.0,1011.5,24.8,27.1,23.1,21.8,84.0,29.3,8.8
2022-05-20,1005.1,1008.6,24.2,26.6,22.7,21.2,83.0,19.5,9.3
2022-05-21,1005.5,1009.0,23.1,24.4,21.4,19.7,81.0,16.0,10.0
2022-05-22,1005.3,1008.8,22.6,23.6,21.4,20.5,88.0,21.3,10.0
2022-05-23,1005.6,1009.1,23.7,26.1,22.5,21.9,90.0,21.3,9.8
2022-05-24,1007.8,1011.3,23.0,24.5,22.4,21.8,93.0,8.5,10.0
2022-05-25,1005.7,1009.2,22.9,23.7,22.2,22.7,99.0,6.8,10.0
2022-05-26,1002.3,1005.8,23.4,28.0,21.1,22.6,95.0,12.5,9.5
2022-05-27,1002.8,1006.3,22.5,23.7,21.3,21.7,96.0,7.1,10.0
2022-05-28,1003.2,1006.6,25.5,29.8,22.7,24.1,92.0,18.0,9.5
2022-05-29,1002.6,1006.1,28.6,33.6,24.0,23.8,77.0,26.3,6.5
2022-05-30,1002.8,1006.2,29.1,33.2,25.2,24.4,77.0,42.5,6.8
2022-05-31,1004.9,1008.4,26.3,29.4,25.0,25.1,93.0,23.8,10.0
2022-06-01,1003.4,1006.8,29.0,33.4,24.3,24.2,77.0,33.8,7.3
2022-06-02,1002.5,1005.9,29.5,34.6,27.0,23.4,71.0,46.3,8.0
2022-06-03,1003.3,1006.8,28.9,33.9,26.1,23.4,73.0,51.3,7.5
2022-06-04,1003.2,1006.7,28.8,33.9,25.9,23.5,74.0,32.5,8.8
2022-06-05,999.6,1003.1,30.6,35.8,25.9,22.6,64.0,47.5,6.8
2022-06-06,999.2,1002.7,27.8,33.2,23.8,23.2,78.0,26.5,9.0
2022-06-07,1003.6,1007.1,22.9,25.6,20.2,21.9,94.0,7.0,10.0
2022-06-08,1005.7,1009.2,22.2,23.1,21.7,21.2,94.0,12.3,10.0
2022-06-09,1005.0,1008.5,25.1,29.3,21.8,23.2,90.0,25.0,10.0
2022-06-10,1002.9,1006.4,26.6,31.0,23.9,24.1,87.0,27.8,9.5
2022-06-11,1004.6,1008.1,26.3,32.3,23.5,23.1,84.0,27.5,9.3
2022-06-12,1005.2,1008.7,24.7,26.2,23.0,23.7,94.0,20.3,10.0
2022-06-13,1001.9,1005.4,28.8,34.9,23.7,23.6,75.0,45.0,8.5
2022-06-14,1003.3,1006.8,29.4,35.2,25.3,23.6,72.0,43.8,8.5
2022-06-15,1006.2,1009.7,26.1,28.3,25.1,24.6,91.0,26.3,10.0
2022-06-16,1006.5,1010.0,26.2,29.8,23.8,23.7,87.0,30.0,9.5
2022-06-17,1004.9,1008.4,28.2,31.7,24.6,23.8,78.0,37.5,9.3
2022-06-18,1004.2,1007.6,29.9,35.1,25.9,23.3,69.0,41.3,7.8
2022-06-19,1004.0,1007.5,29.4,34.6,26.3,23.7,72.0,32.5,7.0
2022-06-20,1002.2,1005.7,30.1,34.5,25.9,23.2,68.0,32.5,7.3
2022-06-21,1003.6,1007.1,29.2,33.6,26.9,23.2,71.0,25.0,8.8
2022-06-22,1006.7,1010.1,30.1,35.2,26.1,23.8,70.0,37.5,5.8
2022-06-23,1007.1,1010.6,29.3,35.6,26.4,23.9,74.0,32.5,4.8
2022-06-24,1005.6,1009.1,27.4,34.8,24.9,23.4,80.0,25.3,8.3
2022-06-25,1005.4,1008.9,27.3,33.6,24.5,23.7,82.0,36.5,8.0
2022-06-26,1007.0,1010.5,29.2,34.8,25.2,24.3,76.0,46.3,6.3
2022-06-27,1005.6,1009.0,29.0,34.3,26.8,24.4,76.0,28.5,7.8
2022-06-28,1002.5,1006.0,29.8,33.6,26.1,23.5,69.0,38.8,6.0
2022-06-29,1001.3,1004.7,29.9,33.5,27.5,23.8,70.0,38.8,6.0
2022-06-30,1001.4,1004.8,30.7,33.6,27.3,22.5,62.0,35.0,3.3
2022-07-01,1002.5,1005.9,30.2,33.1,28.4,22.8,64.0,38.8,5.5
2022-07-02,1003.5,1007.0,28.2,30.5,25.7,24.2,79.0,21.5,9.5
2022-07-03,1002.3,1005.7,29.5,32.5,27.2,24.7,76.0,26.8,8.5
2022-07-04,1001.7,1005.2,28.4,34.0,26.5,24.9,82.0,32.5,9.0
2022-07-05,1003.1,1006.6,27.6,34.1,25.6,24.9,86.0,30.8,6.5
2022-07-06,1004.6,1008.0,29.4,34.6,25.2,24.1,75.0,37.5,6.0
2022-07-07,1006.0,1009.5,29.2,35.1,26.8,24.8,78.0,22.5,6.8
2022-07-08,1004.7,1008.1,30.4,35.3,26.3,24.3,71.0,50.0,6.3
2022-07-09,1002.8,1006.2,31.0,35.3,27.4,25.3,72.0,42.5,5.8
2022-07-10,1003.2,1006.6,31.6,36.2,28.8,25.6,71.0,31.3,5.8
2022-07-11,1003.9,1007.3,31.6,36.9,28.1,25.4,70.0,36.3,4.8
2022-07-12,1004.0,1007.4,31.3,34.9,28.5,24.6,68.0,28.5,8.5
2022-07-13,1002.7,1006.1,30.8,35.0,28.4,24.1,68.0,20.5,7.5
2022-07-14,1001.6,1005.0,31.2,35.4,27.6,23.3,63.0,48.0,7.8
2022-07-15,1001.2,1004.6,31.7,36.0,28.1,22.2,58.0,33.8,7.5
2022-07-16,1000.4,1003.8,32.6,37.8,27.2,22.4,56.0,43.8,5.0
2022-07-17,1000.7,1004.1,32.4,36.8,28.4,24.0,62.0,40.0,6.8
2022-07-18,1001.6,1005.0,31.1,36.1,28.5,24.1,67.0,27.5,8.0
2022-07-19,1004.8,1008.3,29.7,34.9,26.9,25.2,78.0,18.8,8.5
2022-07-20,1007.4,1010.9,29.4,35.1,26.5,25.6,81.0,24.5,6.0
2022-07-21,1007.9,1011.4,31.7,37.5,25.7,24.2,66.0,54.3,3.8
2022-07-22,1006.3,1009.8,32.6,37.8,28.2,25.1,66.0,44.0,2.0
2022-07-23,1004.3,1007.7,33.1,38.3,28.9,24.3,62.0,30.0,2.0
2022-07-24,1003.3,1006.7,32.7,37.9,28.8,24.4,63.0,43.8,1.8
2022-07-25,1004.8,1008.2,32.0,37.2,29.2,24.9,67.0,19.5,5.0
2022-07-26,1004.6,1008.1,30.9,34.6,28.1,24.1,67.0,16.8,6.3
2022-07-27,1003.9,1007.3,31.3,35.9,27.7,24.3,67.0,24.5,3.8
2022-07-28,1003.1,1006.5,30.7,35.4,27.6,24.2,69.0,19.8,4.0
2022-07-29,1001.5,1004.9,30.5,35.2,25.8,24.0,69.0,37.0,4.3
2022-07-30,999.5,1002.9,29.7,34.0,25.5,24.7,76.0,37.5,6.5
2022-07-31,1000.1,1003.5,31.3,35.0,27.9,24.3,67.0,32.5,6.5
2022-08-01,1002.8,1006.2,30.0,36.2,25.4,24.1,71.0,28.8,7.5
2022-08-02,1005.1,1008.6,27.4,29.0,25.1,24.4,84.0,29.0,9.5
2022-08-03,1005.4,1008.8,29.5,34.2,25.4,23.0,69.0,32.5,5.3
2022-08-04,1005.9,1009.4,29.3,34.5,26.2,24.6,77.0,30.0,6.0
2022-08-05,1006.1,1009.5,30.0,34.3,27.0,24.2,72.0,42.5,6.0
2022-08-06,1004.7,1008.1,31.1,36.7,26.8,23.0,63.0,50.0,3.8
2022-08-07,1004.4,1007.8,31.1,35.0,27.8,23.4,65.0,55.0,3.8
2022-08-08,1004.6,1008.1,31.1,36.2,27.5,23.5,65.0,56.3,5.3
2022-08-09,1004.1,1007.5,31.2,35.5,27.5,22.7,61.0,53.8,3.0
2022-08-10,1004.9,1008.3,30.9,35.0,28.1,23.6,66.0,25.0,6.3
2022-08-11,1005.5,1008.9,30.8,34.7,27.6,23.7,66.0,35.0,6.0
2022-08-12,1005.3,1008.7,30.5,35.1,28.0,24.2,70.0,28.8,6.8
2022-08-13,1004.8,1008.2,30.9,36.4,27.1,23.7,67.0,35.0,5.0
2022-08-14,1004.0,1007.5,31.1,34.8,28.1,24.3,68.0,31.3,6.8
2022-08-15,1002.8,1006.2,30.9,34.5,28.6,24.3,68.0,40.0,7.3
2022-08-16,1003.5,1006.9,30.3,34.6,27.8,24.8,73.0,23.0,8.5
2022-08-17,1003.8,1007.2,30.8,34.2,27.8,24.3,69.0,35.5,7.0
2022-08-18,1003.0,1006.4,30.2,33.4,27.7,24.3,71.0,18.8,8.8
2022-08-19,1004.6,1008.1,30.3,34.3,28.0,24.7,72.0,25.0,6.8
2022-08-20,1006.0,1009.4,30.9,34.9,28.4,24.6,69.0,23.8,5.8
2022-08-21,1003.8,1007.3,31.7,36.3,27.3,23.6,63.0,41.3,6.8
2022-08-22,1002.3,1005.7,32.1,37.2,27.6,22.7,59.0,31.3,4.0
2022-08-23,1002.2,1005.6,31.8,36.5,28.0,22.8,60.0,28.0,4.3
2022-08-24,1002.3,1005.7,31.6,36.4,27.6,23.6,65.0,31.3,7.0
2022-08-25,1006.7,1010.2,29.1,35.2,24.9,24.5,78.0,14.3,7.8
2022-08-26,1006.3,1009.7,30.9,35.7,25.2,23.2,66.0,40.0,6.0
2022-08-27,1004.8,1008.2,31.0,36.5,27.3,22.9,62.0,41.3,4.0
2022-08-28,1005.6,1009.0,29.9,33.3,27.1,24.2,72.0,27.5,8.5
2022-08-29,1006.2,1009.6,30.5,34.8,26.8,24.5,71.0,32.5,4.0
2022-08-30,1004.5,1007.9,30.8,35.6,27.8,24.4,69.0,28.8,6.0
2022-08-31,1003.0,1006.4,30.5,35.3,27.0,24.4,71.0,30.0,3.5
2022-09-01,1003.5,1007.0,28.0,30.5,25.5,23.8,79.0,18.3,9.3
2022-09-02,998.2,1001.7,26.6,29.2,25.1,25.2,92.0,8.0,9.5
2022-09-03,993.1,996.5,27.3,29.1,26.1,26.1,93.0,16.5,9.5
2022-09-04,993.0,996.4,27.2,30.0,25.5,24.1,84.0,12.6,9.5
2022-09-05,999.1,1002.5,29.5,33.9,26.5,24.3,74.0,22.0,8.3
2022-09-06,1007.8,1011.3,27.2,29.3,24.6,22.8,77.0,17.5,9.0
2022-09-07,1011.5,1015.0,27.7,29.5,25.9,22.4,73.0,18.8,10.0
2022-09-08,1011.6,1015.1,27.5,31.5,23.3,19.2,62.0,26.3,1.0
2022-09-09,1010.2,1013.7,27.1,31.0,23.8,19.8,65.0,10.3,2.0
2022-09-10,1008.0,1011.5,26.7,30.6,23.1,19.8,66.0,30.0,5.3
2022-09-11,1004.4,1007.9,25.7,26.8,24.6,23.8,90.0,7.0,10.0
2022-09-12,1000.8,1004.3,26.0,28.8,24.9,24.8,93.0,13.3,9.5
2022-09-13,1000.8,1004.3,26.0,28.2,24.1,23.8,88.0,16.3,9.5
2022-09-14,1000.9,1004.4,27.4,31.0,23.7,23.2,79.0,25.0,8.5
2022-09-15,1001.6,1005.1,27.5,33.1,24.7,22.9,77.0,21.3,5.8
2022-09-16,1001.9,1005.4,27.9,32.7,23.8,22.3,73.0,20.0,5.3
2022-09-17,1002.5,1006.0,27.9,32.2,24.0,21.1,67.0,27.5,5.8
2022-09-18,1002.1,1005.5,27.9,32.2,23.0,20.8,66.0,17.5,3.0
2022-09-19,1003.9,1007.4,27.8,32.8,24.3,20.7,66.0,16.3,6.8
2022-09-20,1007.4,1010.9,26.4,29.0,24.1,18.6,63.0,24.5,4.5
2022-09-21,1008.7,1012.2,25.9,30.4,22.5,18.4,64.0,27.5,5.5
2022-09-22,1008.3,1011.8,26.2,30.0,23.3,18.0,62.0,32.5,1.5
2022-09-23,1009.0,1012.5,26.0,30.2,21.9,18.2,63.0,31.8,3.0
2022-09-24,1009.1,1012.6,24.6,26.0,23.1,21.4,83.0,12.0,10.0
2022-09-25,1007.9,1011.4,25.3,26.0,24.4,23.7,91.0,10.8,10.0
2022-09-26,1006.2,1009.7,28.3,32.7,25.7,24.4,81.0,30.0,3.8
2022-09-27,1005.8,1009.3,28.9,32.6,25.8,21.7,66.0,41.3,3.0
2022-09-28,1005.6,1009.0,29.6,34.1,26.2,21.8,64.0,37.5,2.3
2022-09-29,1007.4,1010.9,30.0,34.8,27.0,22.6,65.0,37.5,4.5
2022-09-30,1009.7,1013.1,29.6,33.5,26.8,21.9,64.0,21.0,4.3
2022-10-01,1010.3,1013.7,29.8,33.9,26.6,21.5,62.0,33.8,1.8
2022-10-02,1010.1,1013.5,30.1,34.8,26.3,21.8,62.0,22.0,1.0
2022-10-03,1009.8,1013.2,30.4,35.1,27.3,22.0,61.0,40.0,1.8
2022-10-04,1010.4,1013.9,29.4,34.9,26.1,21.9,64.0,20.8,3.3
2022-10-05,1012.6,1016.1,26.7,29.2,24.4,23.2,81.0,15.3,7.8
2022-10-06,1012.7,1016.2,25.5,27.1,24.2,22.9,86.0,20.0,9.0
2022-10-07,1012.5,1016.0,25.2,26.3,23.9,22.9,87.0,21.3,9.5
2022-10-08,1013.5,1017.1,23.7,24.7,22.9,21.5,88.0,12.8,9.5
2022-10-09,1013.7,1017.3,23.7,25.6,22.1,21.6,88.0,14.3,9.8
2022-10-10,1016.7,1020.3,21.2,22.2,20.3,16.2,74.0,12.5,10.0
2022-10-11,1015.5,1019.1,21.2,22.0,20.1,14.6,66.0,19.5,10.0
2022-10-12,1013.6,1017.2,22.1,24.1,20.9,18.9,82.0,13.3,9.5
2022-10-13,1011.6,1015.1,23.1,24.9,21.5,20.1,84.0,10.5,9.5
2022-10-14,1009.0,1012.5,23.7,25.2,22.1,21.6,88.0,10.0,10.0
2022-10-15,1006.3,1009.8,24.3,25.3,23.7,23.3,94.0,5.3,10.0
2022-10-16,1005.0,1008.5,25.5,26.4,24.6,25.1,97.0,4.5,10.0
2022-10-17,1009.5,1013.0,23.1,25.2,19.7,20.9,87.0,9.3,9.8
2022-10-18,1015.3,1018.9,19.2,20.2,18.6,16.9,87.0,8.5,10.0
2022-10-19,1016.4,1020.0,21.2,22.7,19.0,15.4,70.0,19.5,10.0
2022-10-20,1015.9,1019.5,22.9,24.2,21.3,17.2,70.0,22.0,9.3
2022-10-21,1013.4,1016.9,24.4,27.3,22.3,20.6,80.0,17.5,7.3
2022-10-22,1011.0,1014.5,26.0,29.3,24.1,24.4,91.0,19.8,7.8
2022-10-23,1013.6,1017.1,22.8,24.2,21.8,20.3,86.0,8.0,10.0
2022-10-24,1016.2,1019.8,22.4,24.8,21.2,14.8,62.0,32.5,8.0
2022-10-25,1017.0,1020.6,22.1,24.0,20.9,13.6,58.0,32.5,8.3
2022-10-26,1014.0,1017.6,23.9,27.4,21.1,16.4,63.0,35.0,2.0
2022-10-27,1012.6,1016.1,24.7,28.7,22.1,19.0,71.0,36.3,2.3
2022-10-28,1012.9,1016.4,23.8,27.2,22.2,20.7,84.0,19.8,8.5
2022-10-29,1012.5,1016.1,22.6,23.8,21.9,20.3,87.0,9.0,9.8
2022-10-30,1009.2,1012.7,23.0,23.7,22.4,21.6,92.0,8.6,10.0
2022-10-31,1008.2,1011.8,22.3,23.4,19.9,21.2,94.0,5.8,10.0
2022-11-01,1010.7,1014.3,20.9,22.3,19.8,19.7,93.0,11.8,10.0
2022-11-02,1010.4,1014.0,21.9,24.2,20.2,20.2,90.0,10.3,9.8
2022-11-03,1010.9,1014.4,23.4,25.6,21.5,21.5,89.0,16.8,8.0
2022-11-04,1015.3,1018.9,21.4,23.5,19.4,18.9,86.0,13.8,9.5
2022-11-05,1017.9,1021.5,19.9,21.5,18.9,16.7,82.0,27.5,9.3
2022-11-06,1016.1,1019.7,20.9,23.5,19.0,18.0,84.0,42.5,8.0
2022-11-07,1014.1,1017.7,22.7,24.6,21.1,20.3,86.0,23.8,8.8
2022-11-08,1014.5,1018.1,22.8,23.6,21.7,21.1,90.0,13.3,9.8
2022-11-09,1012.6,1016.1,26.1,29.7,23.3,20.4,72.0,38.8,2.5
2022-11-10,1012.4,1015.9,25.9,30.0,22.6,21.5,77.0,51.3,2.3
2022-11-11,1011.6,1015.1,26.1,29.2,24.1,23.0,83.0,24.8,7.3
2022-11-12,1010.8,1014.3,25.7,29.9,22.8,22.2,81.0,27.5,3.3
2022-11-13,1013.2,1016.7,24.6,27.3,22.6,21.2,82.0,30.0,4.3
2022-11-14,1013.6,1017.1,24.2,26.4,22.9,19.1,73.0,35.0,3.8
2022-11-15,1011.9,1015.4,25.5,30.1,22.9,19.9,72.0,31.3,6.5
2022-11-16,1012.0,1015.5,23.3,24.2,22.4,21.3,89.0,9.8,9.3
2022-11-17,1011.3,1014.8,24.3,28.1,21.5,21.1,83.0,15.3,6.8
2022-11-18,1012.7,1016.2,25.1,28.2,23.1,21.6,81.0,31.3,5.5
2022-11-19,1011.6,1015.1,25.1,27.9,23.3,21.0,78.0,35.0,4.8
2022-11-20,1011.2,1014.7,24.6,26.4,23.7,20.6,79.0,31.3,8.3
2022-11-21,1011.6,1015.1,24.3,25.8,23.0,20.6,80.0,25.5,8.8
2022-11-22,1010.2,1013.7,25.8,29.9,23.5,21.8,79.0,28.3,8.8
2022-11-23,1012.7,1016.3,22.2,24.7,20.6,20.3,89.0,7.8,10.0
2022-11-24,1013.3,1016.9,20.8,21.2,20.4,19.8,94.0,8.4,9.8
2022-11-25,1011.8,1015.4,22.1,24.4,20.2,20.8,93.0,17.8,9.5
2022-11-26,1012.0,1015.6,21.8,23.6,20.2,19.4,86.0,25.3,9.3
2022-11-27,1010.3,1013.8,24.3,28.4,21.5,20.0,77.0,38.8,6.5
2022-11-28,1010.1,1013.6,25.5,31.3,21.5,21.0,77.0,25.3,3.0
2022-11-29,1010.5,1014.0,26.5,30.7,23.2,22.0,77.0,20.8,4.8
2022-11-30,1018.4,1022.0,19.6,24.1,17.2,16.5,82.0,10.0,8.8
2022-12-01,1018.4,1022.0,17.9,18.8,17.3,16.4,91.0,15.3,9.5
2022-12-02,1016.2,1019.8,19.0,20.4,17.9,17.3,90.0,18.3,9.0
2022-12-03,1013.1,1016.6,21.8,24.8,19.6,20.3,92.0,13.3,9.3
2022-12-04,1014.7,1018.3,21.8,23.2,21.1,19.5,87.0,18.3,8.8
2022-12-05,1016.9,1020.5,19.2,21.2,16.9,16.2,83.0,15.5,10.0
2022-12-06,1016.7,1020.3,17.6,19.1,16.3,14.7,83.0,19.3,9.0
2022-12-07,1015.5,1019.1,19.1,21.0,17.8,17.0,88.0,23.0,9.8
2022-12-08,1014.4,1018.0,18.7,19.9,17.8,17.1,91.0,25.0,9.0
2022-12-09,1011.2,1014.8,18.7,19.6,18.1,17.7,94.0,7.5,10.0
2022-12-10,1009.9,1013.5,19.5,20.8,18.2,17.4,88.0,10.5,10.0
2022-12-11,1013.8,1017.4,17.1,18.4,16.0,15.5,91.0,13.0,10.0
2022-12-12,1014.9,1018.5,16.4,17.3,15.5,14.6,89.0,12.3,10.0
2022-12-13,1017.2,1020.9,15.7,16.6,14.9,14.1,90.0,7.0,10.0
2022-12-14,1019.9,1023.6,14.7,15.4,14.0,13.3,91.0,7.8,10.0
2022-12-15,1015.4,1019.1,16.6,19.3,14.3,15.8,95.0,12.3,9.5
2022-12-16,1014.6,1018.2,18.7,20.8,17.9,18.1,96.0,16.8,9.8
2022-12-17,1022.7,1026.4,13.9,18.0,11.4,11.2,84.0,20.8,10.0
2022-12-18,1024.5,1028.2,10.6,12.1,9.0,2.9,59.0,35.0,8.5
2022-12-19,1018.8,1022.5,14.8,18.7,9.7,8.8,68.0,41.3,3.5
2022-12-20,1013.9,1017.5,19.4,23.2,16.5,13.0,67.0,43.8,5.3
2022-12-21,1011.6,1015.3,15.8,18.4,12.6,12.6,82.0,12.0,9.8
2022-12-22,1013.7,1017.3,14.3,19.7,10.4,5.5,59.0,37.5,1.0
2022-12-23,1017.9,1021.6,12.1,15.9,9.9,5.3,64.0,22.5,5.0
2022-12-24,1020.6,1024.4,11.7,15.9,8.5,4.0,61.0,47.5,2.8
2022-12-25,1021.3,1025.0,12.2,15.8,8.3,5.0,62.0,36.3,5.8
2022-12-26,1020.4,1024.1,15.1,19.0,10.5,9.2,68.0,32.5,3.5
2022-12-27,1020.8,1024.4,16.5,17.8,14.5,10.7,69.0,37.5,8.8
2022-12-28,1020.9,1024.5,16.9,18.7,15.6,14.4,85.0,13.5,9.8
2022-12-29,1021.3,1024.9,16.4,17.4,15.5,15.1,92.0,10.5,10.0
2022-12-30,1022.0,1025.7,16.5,17.8,15.7,14.7,89.0,19.0,9.0
2022-12-31,1022.1,1025.8,16.1,16.8,15.2,15.0,93.0,10.3,9.8
